input.d
output.d
energy.d
1200 200	steps output
t	periodic
8	minimum number
64	length
0 4	level_min,level_max
1	padding
1	moat
-1.5e6	force_max
0	offset
f	debug
131	tweaks
250 6.0e-5	maxits epsilon
3	number_masks
0 0 0.5 0.5 0.5 1.0 1.0 1.0
2 1 0.5 0.5 0.5 0.16 0.16 0.16
4 1 0.5 0.5 0.5 0.09 0.09 0.09




0 0.5 0.5 0.5 1.0 1.0 1.0
2 0.25 0.25 0.25 0.25 0.25 0.25
8 0.25 0.25 0.25 0.15 0.15 0.15 

0 -1.0 2.0 -1.0 2.0 -1.0 2.0
2 0.0 0.5 0.0 0.5 0.0 0.5
8 0.1 0.4 0.1 0.4 0.1 0.4
1 0.37 0.63 0.37 0.63 0.37 0.63
2 0.44 0.56 0.44 0.56 0.44 0.56
0 -1.0 2.0 -1.0 2.0 -1.0 2.0
1 0.11 0.61 0.1 0.6 0.0 0.5
4 0.21 0.51 0.2 0.5 0.1 0.4 
8 0.28 0.44 0.27 0.43 0.17 0.33
